N,K,T2,D2
100,0,8.8533333333333279e-08,1.1146025641025635e-07
100,10,1.4368505747126438e-07,1.4589787798408489e-07
100,20,2.1446904761904762e-07,1.753357142857143e-07
100,30,2.410666666666666e-07,1.6929615384615379e-07
100,40,2.995e-07,1.9462549019607843e-07
100,50,3.7406666666666669e-07,2.2685833333333335e-07
100,60,2.9443333333333334e-07,1.9554242424242419e-07
100,70,2.8302592592592592e-07,2.0446801346801347e-07
100,80,2.0243563218390802e-07,1.5373103448275865e-07
100,90,1.208333333333333e-07,1.2903018867924525e-07
132,0,1.3828571428571426e-07,1.4244642857142854e-07
132,13,1.9347816091954024e-07,1.6559972954699124e-07
132,26,2.7375172413793104e-07,2.0194827586206902e-07
132,39,3.4503333333333333e-07,2.2396981132075472e-07
132,52,4.5178333333333336e-07,2.7097549019607845e-07
132,65,5.4890967741935479e-07,3.172096774193548e-07
132,78,4.1446666666666666e-07,2.4504779874213834e-07
132,91,3.6312183908045975e-07,2.366448275862068e-07
132,104,2.5239999999999996e-07,1.8226792452830185e-07
132,117,1.6996666666666663e-07,1.451937106918239e-07
132,130,1.1809462365591403e-07,1.2461212121212113e-07
174,0,1.9054074074074071e-07,1.6388888888888888e-07
174,17,2.345635775862069e-07,1.7601875000000003e-07
174,34,3.7782528735632171e-07,2.3728683385579945e-07
174,51,5.0448709677419361e-07,3.0079526003949969e-07
174,68,5.7439999999999996e-07,3.0545555555555547e-07
174,85,7.3415714285714288e-07,3.9544285714285707e-07
174,102,6.0080229885057471e-07,3.4064761904761894e-07
174,119,4.9666666666666675e-07,2.9697619047619038e-07
174,136,3.677666666666667e-07,2.4304761904761902e-07
174,153,2.5363333333333329e-07,1.9107564102564099e-07
174,170,1.5336666666666666e-07,1.4143270440251573e-07
229,0,2.1929999999999999e-07,1.8301515151515151e-07
229,22,3.3811505376344087e-07,2.3572485768500951e-07
229,44,4.8332365591397855e-07,2.7865570719602981e-07
229,66,6.7124252873563216e-07,3.6718152244632405e-07
229,88,7.9235913978494621e-07,4.0787965260545908e-07
229,110,9.7759999999999997e-07,5.007641025641025e-07
229,132,8.580390804597703e-07,4.6119164456233432e-07
229,154,1.1770325581395348e-06,5.1044744186046525e-07
229,176,4.7250080515297911e-07,4.3227233115468413e-07
229,198,3.6506000000000001e-07,2.5034705882352946e-07
229,220,2.3519770114942528e-07,1.8662334217506632e-07
302,0,2.8143333333333337e-07,2.0605578231292521e-07
302,30,4.7901666666666669e-07,2.7972916666666667e-07
302,60,1.3453265086206897e-06,7.3114347290640404e-07
302,90,1.0926259259259259e-06,5.3541429801894895e-07
302,120,1.5812379310344826e-06,1.0972700065061806e-06
302,150,1.3841333333333334e-06,6.823745098039216e-07
302,180,1.1433333333333333e-06,5.7203725490196083e-07
302,210,9.5120476190476185e-07,5.2147338935574233e-07
302,240,6.6506666666666669e-07,3.7568846153846162e-07
302,270,4.5573333333333328e-07,2.845823529411764e-07
302,300,2.7309999999999998e-07,2.0534666666666668e-07
398,0,3.7226666666666666e-07,2.5031764705882355e-07
398,39,6.6963655913978486e-07,4.0145424621461473e-07
398,78,9.0106666666666685e-07,4.7200256410256434e-07
398,117,1.2186333333333333e-06,6.2652692307692308e-07
398,156,1.5357333333333334e-06,7.5141176470588255e-07
398,195,1.913932183908046e-06,9.4873022312373199e-07
398,234,1.5900999999999998e-06,7.4118039215686258e-07
398,273,1.2860999999999998e-06,6.3307692307692283e-07
398,312,9.6322643678160909e-07,5.0647142857142881e-07
398,351,6.5010000000000003e-07,3.744858974358974e-07
398,390,3.8608390804597696e-07,2.6757493368700254e-07
525,0,5.2292873563218384e-07,3.4510206896551716e-07
525,52,8.1486666666666662e-07,4.4993333333333322e-07
525,104,1.2256666666666666e-06,6.14078431372549e-07
525,156,1.6566666666666668e-06,7.8822352941176489e-07
525,208,2.0992333333333331e-06,9.8874117647058803e-07
525,260,2.5093666666666662e-06,1.1701076923076919e-06
525,312,2.1090666666666669e-06,9.9488589743589753e-07
525,364,1.6930666666666665e-06,8.2056274509803908e-07
525,416,1.2482e-06,6.2367999999999993e-07
525,468,8.1430000000000019e-07,4.4443589743589768e-07
525,520,4.6986666666666664e-07,3.0863137254901958e-07
693,0,6.2486666666666674e-07,4.2696666666666675e-07
693,69,1.1040666666666667e-06,6.2020128205128213e-07
693,138,1.6779333333333333e-06,8.4728431372548994e-07
693,207,2.2889870967741934e-06,1.1291040779062687e-06
693,276,2.8994999999999999e-06,1.3786523809523815e-06
693,345,3.5733321839080457e-06,1.7032066666666663e-06
693,414,2.8773999999999998e-06,1.3875320512820511e-06
693,483,3.0064333333333331e-06,1.5970444444444443e-06
693,552,2.1659404761904767e-06,1.0666706349206349e-06
693,621,1.4974692307692309e-06,9.0250836120401337e-07
693,690,6.1123333333333316e-07,4.144871794871793e-07
914,0,9.7724867374005289e-07,4.5335384615384601e-07
914,91,1.7417407407407407e-06,7.2543386243386223e-07
914,182,3.0714333333333329e-06,1.4028560975609753e-06
914,273,4.6404578754578752e-06,2.1925445887445883e-06
914,364,5.4155064102564107e-06,2.877433333333334e-06
914,455,6.9026142857142866e-06,3.3049172413793116e-06
914,546,5.3670939153439156e-06,3.6085027472527476e-06
914,637,4.006642468239564e-06,1.6826681992337162e-06
914,728,3.7155101419878298e-06,2.1064618226600986e-06
914,819,1.9238422360248448e-06,1.0899904200442152e-06
914,910,6.7021351351351367e-07,3.9276666666666688e-07
1206,0,1.4138987012987011e-06,9.7078012422360229e-07
1206,120,1.8872809523809523e-06,1.025213725490196e-06
1206,240,3.0601999999999999e-06,1.5956848484848483e-06
1206,360,4.2175333333333333e-06,2.0403910256410251e-06
1206,480,5.3141402298850577e-06,2.4475871794871797e-06
1206,600,6.5417666666666664e-06,2.9727745098039218e-06
1206,720,5.2752666666666659e-06,2.4550846153846146e-06
1206,840,4.2404666666666669e-06,1.9812823529411768e-06
1206,960,3.0911333333333333e-06,1.4820411764705885e-06
1206,1080,1.9842e-06,1.0267019607843137e-06
1206,1200,1.0460333333333332e-06,6.4721666666666652e-07
1591,0,3.2645666666666662e-06,1.8047222222222218e-06
1591,159,3.2840526315789473e-06,2.1074488579940419e-06
1591,318,4.8943570234113715e-06,9.7941711956521688e-07
1591,477,8.9085990338164253e-06,5.2353291404612161e-06
1591,636,1.0196333333333333e-05,4.7786379310344826e-06
1591,795,1.1298079710144927e-05,5.3069833333333318e-06
1591,954,8.7583874643874652e-06,3.6843425925925927e-06
1591,1113,5.6577999999999994e-06,2.6305786163522007e-06
1591,1272,4.1559333333333329e-06,2.0553487179487176e-06
1591,1431,2.5953666666666663e-06,1.3621512820512819e-06
1591,1590,1.3809999999999996e-06,8.5336666666666623e-07
2100,0,1.8437333333333334e-06,9.1227777777777794e-07
2100,210,3.6210178571428576e-06,1.0068952702702705e-06
2100,420,5.3358574712643679e-06,2.6621910256410261e-06
2100,630,7.7041999999999982e-06,3.6365615384615365e-06
2100,840,1.1405436842105263e-05,5.6655285087719298e-06
2100,1050,1.6698994482758619e-05,7.9515281818181801e-06
2100,1260,1.8281665667166415e-05,1.1856448275862068e-05
2100,1470,1.1589342891278373e-05,6.7679547146401961e-06
2100,1680,6.6286995841995846e-06,4.0356476923076929e-06
2100,1890,4.3328200000000008e-06,2.1406930769230778e-06
2772,0,2.4768333333333336e-06,1.4957980392156863e-06
2772,277,5.0155298850574707e-06,2.7018388594164452e-06
2772,554,7.5608999999999999e-06,3.6756230769230765e-06
2772,831,1.0406833333333333e-05,4.8739499999999993e-06
2772,1108,1.3248166666666668e-05,5.1941272727272724e-06
2772,1385,1.6670297235023044e-05,5.0506964285714321e-06
2772,1662,1.5196996470588234e-05,6.3693625531914866e-06
2772,1939,1.220412777777778e-05,6.023871929824563e-06
2772,2216,7.5465000000000014e-06,3.6642190476190453e-06
2772,2493,4.7159333333333334e-06,2.4495538461538465e-06
2772,2770,2.3767999999999998e-06,1.4647089743589743e-06
3659,0,3.2829000000000004e-06,1.9744058823529417e-06
3659,365,6.3859000000000001e-06,3.2726000000000007e-06
3659,730,1.0148066666666669e-05,4.924365384615386e-06
3659,1095,2.020313623188406e-05,9.8645754475703343e-06
3659,1460,2.1644573118279568e-05,9.4148030303030288e-06
3659,1825,2.1642812260536396e-05,1.0383707559681695e-05
3659,2190,1.8105e-05,7.6852217687074833e-06
3659,2555,1.7206682051282051e-05,8.8481787330316749e-06
3659,2920,1.0383933333333332e-05,4.8743190476190458e-06
3659,3285,7.7388450980392145e-06,3.8400895424836586e-06
3659,3650,2.9323431372549014e-06,1.482655555555555e-06
4829,0,5.6354699248120296e-06,3.2935378151260507e-06
4829,482,1.0151666666666666e-05,4.8664345238095226e-06
4829,964,1.9046363768115945e-05,1.0986407030527292e-05
4829,1446,1.8902766666666668e-05,8.6472589743589749e-06
4829,1928,2.4201333333333332e-05,1.1038189743589742e-05
4829,2410,3.5579839999999997e-05,1.7382271578947364e-05
4829,2892,2.7625256923076923e-05,1.5250803338171261e-05
4829,3374,1.9197033333333333e-05,8.9610371794871783e-06
4829,3856,1.3769933333333333e-05,6.6058000000000003e-06
4829,4338,8.5983666666666671e-06,4.3823830188679248e-06
4829,4820,4.0977816091954025e-06,2.5245641025641027e-06
6374,0,5.4530855683269485e-06,3.3928648275862071e-06
6374,637,1.6379569565217391e-05,1.0933113793103448e-05
6374,1274,2.1463669230769232e-05,1.0425734143049933e-05
6374,1911,2.6847372413793101e-05,1.2581093982420554e-05
6374,2548,3.2910266666666669e-05,1.4693115384615389e-05
6374,3185,4.1013666666666663e-05,1.6086046376811593e-05
6374,3822,3.2701613793103451e-05,1.5029799999999996e-05
6374,4459,2.5939500000000001e-05,1.2040201282051283e-05
6374,5096,1.8618633333333335e-05,8.9109692307692324e-06
6374,5733,1.3578666666666668e-05,7.1417375000000007e-06
6374,6370,8.8903948717948703e-06,6.2268797202797188e-06
8413,0,1.3052833333333335e-05,8.5625815602836883e-06
8413,841,2.2001722570532913e-05,1.5762252873563217e-05
8413,1682,2.576997364341085e-05,1.2151624358974357e-05
8413,2523,3.8804072713643175e-05,1.1480351449275361e-05
8413,3364,4.511157816091954e-05,1.8932329487179488e-05
8413,4205,5.4066366666666661e-05,2.1252749999999997e-05
8413,5046,4.4967666666666666e-05,2.0807774358974362e-05
8413,5887,3.5726366666666664e-05,1.5950390196078429e-05
8413,6728,3.4462299999999997e-05,1.918434927536232e-05
8413,7569,1.5547299999999999e-05,5.6641572327044025e-06
8413,8410,7.2385666666666671e-06,4.3941692307692302e-06
11105,0,9.5545333333333348e-06,5.6789371794871814e-06
11105,1110,2.090146666666667e-05,1.0409861904761905e-05
11105,2220,3.3797200000000002e-05,1.5695756410256413e-05
11105,3330,5.9746787179487176e-05,3.0766028846153842e-05
11105,4440,6.2551094252873563e-05,2.5760934318555003e-05
11105,5550,8.634776666666668e-05,4.2600083333333349e-05
11105,6660,6.0559566666666662e-05,2.7302051282051282e-05
11105,7770,5.6611018750000004e-05,2.9036535076530614e-05
11105,8880,3.3706433333333333e-05,1.575363846153846e-05
11105,9990,2.3396866666666666e-05,1.2484993333333332e-05
11105,11100,9.544099999999999e-06,5.7273794871794857e-06
14658,0,1.3863588888888892e-05,5.7561055555555585e-06
14658,1465,2.8054800000000001e-05,1.376408095238096e-05
14658,2930,4.7426147126436783e-05,2.2707021636240706e-05
14658,4395,7.4094733250620336e-05,3.7393101255886962e-05
14658,5860,8.1955533333333332e-05,3.9084148148148148e-05
14658,7325,9.8142101149425285e-05,4.3772335897435897e-05
14658,8790,8.1367033333333336e-05,3.7626393081761004e-05
14658,10255,6.4149766666666674e-05,2.9326774358974366e-05
14658,11720,4.465951333333334e-05,2.1604806410256417e-05
14658,13185,2.7892833333333338e-05,1.3915266666666674e-05
14658,14650,1.2531899999999999e-05,7.4744961538461538e-06
19348,0,1.8502789393939393e-05,1.1819945804195803e-05
19348,1934,3.7791099999999991e-05,1.761713647798741e-05
19348,3868,6.1426566666666666e-05,2.6360225170068028e-05
19348,5802,8.6172666666666669e-05,3.9641346153846149e-05
19348,7736,0.00011013153333333334,4.5276941496598651e-05
19348,9670,0.00013307793333333334,5.8681710256410261e-05
19348,11604,0.00011105263333333333,4.5557585714285718e-05
19348,13538,8.6780099999999986e-05,4.252070303030302e-05
19348,15472,6.1599166666666665e-05,2.825759803921568e-05
19348,17406,3.6955198550724637e-05,1.8862075641025642e-05
19348,19340,1.6538533333333334e-05,9.9468243589743588e-06
25539,0,2.3189354022988504e-05,1.1677876008804108e-05
25539,2553,5.0340100000000003e-05,2.5262930769230769e-05
25539,5106,8.4894899999999999e-05,4.1826677987421382e-05
25539,7659,0.00011662976666666667,4.6209821768707489e-05
25539,10212,0.00015920835,7.3477569999999987e-05
25539,12765,0.00018688474827586207,8.6637179045092829e-05
25539,15318,0.00015000886666666666,6.5352541176470587e-05
25539,17871,0.00011685216666666666,4.7415522598870055e-05
25539,20424,8.3221599999999996e-05,3.91454e-05
25539,22977,5.0489633333333339e-05,2.5840203144654093e-05
25539,25530,2.1852766666666669e-05,1.3082903846153849e-05
33711,0,2.9026066666666663e-05,1.6383826666666661e-05
33711,3371,6.6405299999999993e-05,3.4088893589743578e-05
33711,6742,0.00011235873333333332,5.2968532051282031e-05
33711,10113,0.00016314723103448277,7.3926771034482771e-05
33711,13484,0.00022764605952380954,0.00010958841326530615
33711,16855,0.00025243851609195401,0.0001161920019893899
33711,20226,0.00022702849629629629,0.00010683650718065005
33711,23597,0.00017616852380952382,8.4339077551020422e-05
33711,26968,0.00011228759999999999,5.2316219230769218e-05
33711,30339,6.7890033333333329e-05,3.4828467924528293e-05
33711,33710,2.88301e-05,1.7381820512820511e-05
44498,0,3.9234199999999998e-05,2.512377037037037e-05
44498,4449,9.4301506896551714e-05,4.7321599053414462e-05
44498,8898,0.00016350764999999997,7.9524289999999972e-05
44498,13347,0.00021310986666666666,9.6719669230769238e-05
44498,17796,0.00027217849999999999,0.00012166514999999996
44498,22245,0.00035425069285714283,0.00015800143367346935
44498,26694,0.00027456083333333336,0.00012302898484848484
44498,31143,0.00021346193333333333,9.6938376190476203e-05
44498,35592,0.00017563398505747127,8.7097218390804609e-05
44498,40041,9.1174666666666673e-05,4.4202213725490208e-05
44498,44490,3.7854e-05,1.9959066666666663e-05
58737,0,5.0113500000000001e-05,3.2060703030303028e-05
58737,5873,0.00012184133333333335,6.0660729487179503e-05
58737,11746,0.0002109891448275862,0.00010273038328912466
58737,17619,0.0002968548885057471,0.00012979336945812805
58737,23492,0.00038226798850574714,0.00017414157674104126
58737,29365,0.00046248754367816095,0.00020835193779580798
58737,35238,0.00037060819999999999,0.00016915149874213833
58737,41111,0.00030221269999999997,0.00013366294693877549
58737,46984,0.00020646023333333334,9.7148939743589747e-05
58737,52857,0.00012604398205128206,5.9536465724751455e-05
58737,58730,5.0007066666666671e-05,3.0029388461538469e-05
77532,0,6.4789263218390802e-05,3.9497308974358974e-05
77532,7753,0.00016333943333333333,8.0744584615384611e-05
77532,15506,0.00027388360000000004,0.00012797167692307697
77532,23259,0.00038804230952380948,0.00017153961344537811
77532,31012,0.00050034593333333338,0.00022200489523809517
77532,38765,0.00060455966666666671,0.00027400059811320755
77532,46518,0.00052034759195402312,0.00023591868018931725
77532,54271,0.00038914790000000004,0.00016653832666666668
77532,62024,0.00027468389999999999,0.00012806333205128204
77532,69777,0.00016414069999999998,8.0544061538461521e-05
77532,77530,6.6137466666666675e-05,3.7400746666666668e-05
102342,0,9.2283464367816088e-05,5.5200813387423929e-05
102342,10234,0.00021909806666666669,0.00010798218589743592
102342,20468,0.00036886920000000004,0.00017113264358974362
102342,30702,0.00056284360476190488,0.00026260001142857151
102342,40936,0.0006742668333333333,0.00030025566794871791
102342,51170,0.00081924093333333341,0.00035833150000000015
102342,61404,0.00067948429999999994,0.0003028433679487179
102342,71638,0.00056693414761904758,0.00026492623428571427
102342,81872,0.00038485391609195397,0.00018161387491548339
102342,92106,0.00021996906666666669,0.00010270948000000003
102342,102340,8.7714400000000022e-05,5.387041194968555e-05
135091,0,0.00011636013333333334,6.3793782312925165e-05
135091,13509,0.00029817509999999995,0.00014446548627450976
135091,27018,0.00049863726666666674,0.00023106895384615393
135091,40527,0.00072047160909090898,0.00032347286987522268
135091,54036,0.00091377760000000004,0.00038697372352941171
135091,67545,0.0011123094333333333,0.00049604825254237277
135091,81054,0.00092238829999999989,0.00038818872666666654
135091,94563,0.00076503818333333333,0.00035646911538461543
135091,108072,0.0005223708333333333,0.00024819048627450972
135091,121581,0.00029604909999999998,0.00014536466666666668
135091,135090,0.00011559393333333335,7.0660414285714273e-05
178320,0,0.00015307139999999999,9.1216173076923062e-05
178320,17832,0.00039686376666666669,0.00019534057820512824
178320,35664,0.00067881836666666673,0.00031748630000000006
178320,53496,0.0009902374551724138,0.00045003596889790396
178320,71328,0.0012385223999999998,0.00053639126470588221
178320,89160,0.0015564020816091954,0.00067889380827586211
178320,106992,0.0012605563,0.00054382284117647072
178320,124824,0.0009672848666666666,0.00043624048333333327
178320,142656,0.00067769929999999992,0.00031964696289308171
178320,160488,0.00040121456666666666,0.00019683394285714277
235382,0,0.00020239713333333333,0.00012025250128205127
235382,23538,0.00053131460000000006,0.00026600275723270448
235382,47076,0.00090546253333333333,0.00040639930784313726
235382,70614,0.0012929395999999999,0.00056570066666666657
235382,94152,0.0016740598666666665,0.00071221642156862734
235382,117690,0.0021058070515151514,0.00091466895151515138
235382,141228,0.0017920289666666668,0.00081128208000000009
235382,164766,0.0013012538333333334,0.00057015469411764706
235382,188304,0.00094482357816091955,0.00044113473698444898
235382,211842,0.00053299993333333329,0.00024656083333333327
235382,235380,0.00020238919999999999,0.00012050802435897436
310704,0,0.00027258332745098035,0.00015968202941176468
310704,31070,0.00071968620000000005,0.00035166369871794873
310704,62140,0.0012229498666666665,0.00056554347948717918
310704,93210,0.0017887048145833334,0.000801560349877451
310704,124280,0.0023484349091954025,0.0010227265958620689
310704,155350,0.0028881429977011494,0.0012651630310344828
310704,186420,0.0023213520666666666,0.001018347195238095
310704,217490,0.0017771666666666667,0.00078322347254901965
310704,248560,0.0012415169333333334,0.00055942803529411762
310704,279630,0.00072285580000000006,0.00034955989047619044
310704,310700,0.00027970456321839074,0.00016767326910074366
